id;name_ar;name_lat;code
1;ah um;since;apud
2;brief immediately furlough;staple;throbbing 
3;bronze antigen;till;crossly in
4;noodle;initialize;up toady
5;fizzle glug hm;whoever plea upon;shipper
6;whenever splinter;barring round whether;defiant fo
7;likewise;astrolabe calmly;that
8;coolly excitedly kilometer;abaft excepting yawningly;finally be
9;uselessly hence;lest likewise;hmph virtu
10;blindly drat vice;catapult joyously;wherever w
